22 57 51.6729| 35.1682358|AND
22 57 22.2843| 53.1680298|AND
23 25 48.6945| 53.1870041|AND
23 25 51.7638| 50.6870193|AND
23 41 04.9337| 50.6929131|AND
23 41 06.2589| 48.6929169|AND
00 16 35.1282| 48.6949348|AND
00 16 34.3869| 46.6949348|AND
00 59 06.2585| 46.6757545|AND
00 59 09.3282| 48.6757393|AND
01 14 21.2179| 48.6632690|AND
01 14 25.4169| 50.6632347|AND
01 29 37.9047| 50.6478767|AND
01 47 52.4457| 50.6257439|AND
01 47 43.5455| 47.6258430|AND
02 10 29.1579| 47.5927505|AND
02 10 41.7123| 51.0925827|AND
02 39 32.5149| 51.0423737|AND
02 38 43.0419| 37.2931557|AND
02 07 29.0619| 37.3470840|AND
02 07 25.0201| 35.5971375|AND
01 31 38.6004| 35.6453362|AND
01 31 35.3823| 33.6453705|AND
00 49 46.3353| 33.6818962|AND
00 49 39.2379| 24.4319324|AND
00 57 41.7755| 24.4266243|AND
00 57 39.5557| 21.6766376|AND
00 14 57.5811| 21.6951923|AND
00 14 57.7547| 22.6951923|AND
00 10 26.4039| 22.6957588|AND
00 10 27.0822| 28.6957588|AND
00 06 25.4919| 28.6960354|AND
00 06 25.6745| 32.0293655|AND
23 51 18.8979| 32.0285034|AND
23 51 18.7398| 32.7785072|AND
23 36 11.7979| 32.7746468|AND
23 36 10.6031| 35.1913109|AND
09 27 37.0404|-24.5425186|ANT
09 27 05.1837|-37.2920151|ANT
09 26 56.1747|-40.2918739|ANT
11 05 49.5611|-40.4246216|ANT
11 05 55.0471|-35.6746559|ANT
10 55 50.0437|-35.6664963|ANT
10 55 54.6924|-31.8332005|ANT
10 40 48.3309|-31.8185863|ANT
10 40 51.0945|-29.8186131|ANT
10 20 43.5185|-29.7947845|ANT
10 20 47.8410|-27.1281624|ANT
09 50 38.2279|-27.0835037|ANT
09 50 43.1235|-24.5835705|ANT
13 56 26.6661|-83.1200714|APS
18 27 27.8395|-82.4582748|APS
18 16 46.8145|-74.9745178|APS
18 13 07.2185|-67.4800797|APS
17 43 06.1749|-67.5711060|APS
17 12 58.1958|-67.6610870|APS
17 13 52.9629|-70.1597443|APS
14 56 39.9459|-70.5115433|APS
13 49 50.6089|-70.6244431|APS
13 51 07.5441|-75.6235962|APS
18 41 24.0501|  0.1154895|AQL
18 41 18.2958|  2.1153460|AQL
18 58 18.3421|  2.1659052|AQL
18 58 06.2364|  6.4156075|AQL
18 45 50.0565|  6.3791943|AQL
18 45 33.1308| 12.1287737|AQL
18 57 49.5029| 12.1651964|AQL
18 57 29.6727| 18.6647091|AQL
19 05 30.1185| 18.6882229|AQL
19 05 37.3146| 16.3550682|AQL
19 55 41.0797| 16.4957294|AQL
19 55 42.2400| 16.0790844|AQL
20 14 14.1594| 16.1275158|AQL
20 14 32.8020|  8.8779116|AQL
20 24 03.3495|  8.9018240|AQL
20 24 18.9843|  2.4021468|AQL
20 38 19.1706|  2.4360874|AQL
20 38 23.7231|  0.4361772|AQL
20 38 44.3155| -8.5634165|AQL
20 06 46.4871| -8.6430750|AQL
20 06 54.3287|-11.6762342|AQL
18 58 58.5729|-11.8664360|AQL
18 58 35.3503| -3.8336766|AQL
18 41 35.5650| -3.8842230|AQL
20 38 23.7231|  0.4361772|AQR
20 38 19.1706|  2.4360874|AQR
20 56 19.4633|  2.4773185|AQR
21 26 20.0331|  2.5393796|AQR
21 34 20.2249|  2.5544112|AQR
21 34 18.8997|  3.3043909|AQR
21 46 19.2525|  3.3256676|AQR
21 46 20.9007|  2.3256910|AQR
22 06 21.3012|  2.3576119|AQR
22 06 20.9441|  2.6076074|AQR
22 51 22.1321|  2.6622071|AQR
22 51 23.9310|  0.6622211|AQR
22 51 27.5289| -3.3377509|AQR
23 56 24.5307| -3.3042023|AQR
23 56 24.7917| -6.3042021|AQR
23 56 26.5355|-24.8042011|AQR
23 06 43.4319|-24.8250446|AQR
21 59 04.8693|-24.9040413|AQR
21 58 37.4790| -8.4043999|AQR
21 26 40.4196| -8.4602947|AQR
21 26 51.9483|-14.4601107|AQR
20 38 58.5363|-14.5631361|AQR
20 38 44.3155| -8.5634165|AQR
16 36 08.3235|-60.2644577|ARA
16 34 16.9497|-45.7670517|ARA
17 59 14.2281|-45.5163460|ARA
18 09 14.1642|-45.4859734|ARA
18 10 41.3407|-56.9837723|ARA
17 40 40.3655|-57.0747757|ARA
17 43 06.1749|-67.5711060|ARA
17 12 58.1958|-67.6610870|ARA
17 02 53.9959|-67.6905823|ARA
17 02 10.1742|-65.1916428|ARA
16 57 08.0435|-65.2062531|ARA
16 56 46.8330|-63.7900925|ARA
16 46 42.3171|-63.8189964|ARA
16 46 09.0833|-61.2364578|ARA
16 36 19.5912|-61.2641945|ARA
02 06 39.6594| 10.5143948|ARI
01 46 37.3761| 10.5432396|ARI
01 46 58.7219| 25.6263351|ARI
02 02 03.2907| 25.6050701|ARI
02 02 07.3479| 27.8550186|ARI
02 32 16.8357| 27.8047638|ARI
02 32 24.7665| 31.2213154|ARI
02 50 30.8112| 31.1865025|ARI
03 29 42.4003| 31.1003609|ARI
03 29 09.7494| 19.4343338|ARI
03 24 08.9363| 19.4461136|ARI
03 23 47.1387| 10.3632069|ARI
04 37 56.8650| 30.9218750|AUR
04 38 17.7219| 36.2547150|AUR
04 49 49.7625| 36.2218513|AUR
04 51 21.6684| 52.7196465|AUR
05 09 56.3429| 52.6655540|AUR
05 10 25.6235| 56.1648331|AUR
06 16 31.4613| 55.9658089|AUR
06 16 13.7679| 53.9662552|AUR
06 40 11.0475| 53.8938293|AUR
06 39 40.6703| 49.8945885|AUR
06 57 37.5261| 49.8410034|AUR
06 57 03.6727| 44.3418388|AUR
07 30 56.1899| 44.2435493|AUR
07 30 14.5725| 35.2445297|AUR
06 40 21.6663| 35.3905640|AUR
06 39 51.7579| 27.8913116|AUR
06 00 53.0571| 28.0092907|AUR
06 00 54.9367| 28.5092430|AUR
04 52 50.9941| 28.7124405|AUR
04 52 56.4823| 30.2123089|AUR
04 37 54.4293| 30.2552605|AUR
15 11 07.5567|  7.5253930|BOO
13 36 15.3237|  7.3605771|BOO
13 36 06.9433| 14.3604937|BOO
13 35 48.9293| 27.8603134|BOO
14 03 09.3186| 27.8976517|BOO
14 03 05.0061| 30.1475964|BOO
14 07 33.3441| 30.1545391|BOO
14 06 47.6957| 47.9039383|BOO
14 06 20.2539| 54.9035759|BOO
14 29 00.2997| 54.9422379|BOO
15 18 21.8531| 55.0448647|BOO
15 18 37.7697| 52.5451736|BOO
15 48 20.2737| 52.6174774|BOO
15 48 29.9005| 51.1176796|BOO
15 49 27.7025| 39.6189079|BOO
15 30 34.4765| 39.5721130|BOO
15 30 59.2747| 32.5726128|BOO
15 16 03.8205| 32.5376778|BOO
15 16 23.8839| 25.5380573|BOO
15 10 25.3179| 25.5246105|BOO
04 20 18.3390|-39.7007294|CAE
04 19 31.7727|-48.6996651|CAE
04 33 26.9395|-48.7384491|CAE
04 33 41.7831|-46.2387962|CAE
04 53 36.4999|-46.2959023|CAE
04 53 55.7689|-42.7963676|CAE
05 03 53.8665|-42.8255501|CAE
05 05 01.1850|-27.0772038|CAE
04 55 02.2311|-27.0479794|CAE
04 47 03.1995|-27.0248775|CAE
04 46 53.3805|-29.7746429|CAE
04 39 54.3963|-29.7546597|CAE
04 39 26.9701|-36.7540054|CAE
04 20 31.1640|-36.7010231|CAE
06 16 31.4613| 55.9658089|CAM
05 10 25.6235| 56.1648331|CAM
05 09 56.3429| 52.6655540|CAM
04 51 21.6684| 52.7196465|CAM
03 29 15.1407| 52.9366074|CAM
03 29 31.6561| 55.4362831|CAM
03 19 24.9654| 55.4596519|CAM
03 19 39.2391| 57.4593849|CAM
03 15 36.2232| 57.4684982|CAM
03 17 34.9098| 68.4662857|CAM
03 36 56.8883| 68.4214401|CAM
03 41 14.0997| 77.4163132|CAM
03 46 54.2903| 77.4025955|CAM
03 50 07.3176| 80.3986664|CAM
05 21 57.3347| 80.1478500|CAM
05 38 08.6683| 85.1239471|CAM
08 31 48.8676| 84.6103745|CAM
08 41 36.6601| 86.0975418|CAM
14 12 05.5098| 85.9308090|CAM
14 27 07.8855| 79.4449844|CAM
13 35 14.2055| 79.3629303|CAM
13 36 37.6845| 76.3638153|CAM
13 03 16.9470| 76.3289108|CAM
11 37 44.3511| 76.3084106|CAM
11 38 07.5801| 79.3083420|CAM
10 51 16.4635| 79.3401794|CAM
10 52 25.2999| 81.3396072|CAM
09 28 45.8868| 81.4677658|CAM
09 22 27.7137| 72.9741364|CAM
08 12 20.6949| 73.1383743|CAM
08 08 30.9843| 59.6433983|CAM
07 11 00.7674| 59.8037262|CAM
07 11 24.3726| 61.8031464|CAM
06 17 37.7895| 61.9641266|CAM
20 38 44.3155| -8.5634165|CAP
20 06 46.4871| -8.6430750|CAP
20 06 54.3287|-11.6762342|CAP
20 07 39.8327|-27.6419144|CAP
20 27 35.5093|-27.5913391|CAP
21 27 19.5927|-27.4596672|CAP
21 27 13.8661|-24.9597607|CAP
21 59 04.8693|-24.9040413|CAP
21 58 37.4790| -8.4043999|CAP
21 26 40.4196| -8.4602947|CAP
21 26 51.9483|-14.4601107|CAP
20 38 58.5363|-14.5631361|CAP
11 20 37.4211|-57.1843452|CAR
11 05 20.9415|-57.1744423|CAR
08 53 17.6773|-56.9739723|CAR
08 53 31.2417|-54.9742203|CAR
08 30 16.1085|-54.9204712|CAR
08 30 26.2299|-53.4206772|CAR
08 13 16.8279|-53.3782196|CAR
08 13 31.4709|-51.1285286|CAR
08 03 26.8074|-51.1025848|CAR
06 02 59.7365|-50.7545471|CAR
06 02 46.4892|-52.5042114|CAR
06 12 46.6449|-52.5345764|CAR
06 12 25.7760|-55.0340500|CAR
06 32 27.4261|-55.0945587|CAR
06 31 58.8187|-58.0938416|CAR
06 52 02.6681|-58.1537018|CAR
06 50 48.7953|-64.1518784|CAR
09 04 22.7345|-64.4990387|CAR
09 00 58.4849|-75.4954681|CAR
11 19 25.6735|-75.6840134|CAR
11 20 20.3547|-64.6842651|CAR
22 57 22.2843| 53.1680298|CAS
22 57 12.9665| 56.9179611|CAS
22 57 04.5897| 59.7512321|CAS
23 15 26.3193| 59.7646751|CAS
23 15 15.9577| 63.6812897|CAS
23 40 52.2171| 63.6928787|CAS
23 40 47.4863| 66.6928711|CAS
00 27 03.3033| 66.6924438|CAS
00 27 41.4993| 77.6923447|CAS
03 41 14.0997| 77.4163132|CAS
03 36 56.8883| 68.4214401|CAS
03 17 34.9098| 68.4662857|CAS
03 15 36.2232| 57.4684982|CAS
02 35 02.9609| 57.5513000|CAS
02 35 12.5653| 59.0511551|CAS
02 03 10.9501| 59.1046104|CAS
02 03 05.6697| 58.1046753|CAS
01 50 22.8534| 58.1227188|CAS
01 50 08.0739| 54.6228828|CAS
01 29 49.4433| 54.6477699|CAS
01 29 37.9047| 50.6478767|CAS
01 14 25.4169| 50.6632347|CAS
01 14 21.2179| 48.6632690|CAS
00 59 09.3282| 48.6757393|CAS
00 59 06.2585| 46.6757545|CAS
00 16 34.3869| 46.6949348|CAS
00 16 35.1282| 48.6949348|CAS
23 41 06.2589| 48.6929169|CAS
23 41 04.9337| 50.6929131|CAS
23 25 51.7638| 50.6870193|CAS
23 25 48.6945| 53.1870041|CAS
11 05 55.0471|-35.6746559|CEN
11 05 49.5611|-40.4246216|CEN
11 05 20.9415|-57.1744423|CEN
11 20 37.4211|-57.1843452|CEN
11 20 20.3547|-64.6842651|CEN
11 56 13.7673|-64.6957855|CEN
11 56 16.9843|-55.6957932|CEN
12 57 20.2827|-55.6771049|CEN
12 57 45.2113|-64.6769638|CEN
13 38 43.2687|-64.6379395|CEN
14 42 03.5939|-64.5390244|CEN
14 40 56.2717|-55.5400887|CEN
14 18 37.6359|-55.5799522|CEN
14 17 48.0635|-42.5806465|CEN
15 03 11.1071|-42.4941750|CEN
15 02 31.3847|-29.9948788|CEN
12 41 40.1759|-30.1863899|CEN
12 41 42.5277|-33.6863785|CEN
12 21 32.9843|-33.6938934|CEN
12 21 33.6711|-35.6938896|CEN
20 02 17.5830| 59.8510780|CEP
20 01 56.4481| 61.8506203|CEP
20 27 14.8482| 61.9143791|CEP
20 26 04.1715| 67.4129562|CEP
20 41 20.1635| 67.4490280|CEP
20 38 17.5297| 75.4455261|CEP
20 07 29.6155| 75.3708725|CEP
20 02 41.7120| 80.3647766|CEP
20 54 49.4097| 80.4867859|CEP
20 34 53.0328| 86.4656219|CEP
20 33 19.5253| 86.6306305|CEP
22 54 02.5599| 86.8368912|CEP
22 37 02.6371| 88.6638870|CEP
09 03 19.7931| 87.5689163|CEP
08 41 36.6601| 86.0975418|CEP
08 31 48.8676| 84.6103745|CEP
05 38 08.6683| 85.1239471|CEP
05 21 57.3347| 80.1478500|CEP
03 50 07.3176| 80.3986664|CEP
03 46 54.2903| 77.4025955|CEP
03 41 14.0997| 77.4163132|CEP
00 27 41.4993| 77.6923447|CEP
00 27 03.3033| 66.6924438|CEP
23 40 47.4863| 66.6928711|CEP
23 40 52.2171| 63.6928787|CEP
23 15 15.9577| 63.6812897|CEP
23 15 26.3193| 59.7646751|CEP
22 57 04.5897| 59.7512321|CEP
22 57 12.9665| 56.9179611|CEP
22 23 38.6232| 56.8825760|CEP
22 23 43.5123| 55.6326256|CEP
22 12 33.0303| 55.6178436|CEP
22 12 41.9223| 53.3679428|CEP
22 02 33.4104| 53.3532715|CEP
22 02 24.5253| 55.4364891|CEP
20 39 19.5267| 55.2753258|CEP
20 38 29.7107| 61.3576965|CEP
20 34 38.5929| 61.3486443|CEP
20 34 51.9823| 59.9322395|CEP
00 26 24.3189|  0.6925398|CET
00 26 24.9090|  2.6925383|CET
02 06 27.6639|  2.5978806|CET
02 06 39.6594| 10.5143948|CET
03 23 47.1387| 10.3632069|CET
03 23 24.7161|  0.4469725|CET
03 23 20.8039| -1.3029516|CET
02 45 21.4131| -1.2210265|CET
02 44 35.7021|-23.8536034|CET
01 45 51.8397|-23.7562580|CET
01 45 50.1333|-24.8729095|CET
23 56 26.5355|-24.8042011|CET
23 56 24.7917| -6.3042021|CET
00 26 22.2486| -6.3074551|CET
07 26 36.5075|-82.7758865|CHA
13 56 26.6661|-83.1200714|CHA
13 51 07.5441|-75.6235962|CHA
11 19 25.6735|-75.6840134|CHA
09 00 58.4849|-75.4954681|CHA
07 36 51.5289|-75.2899170|CHA
13 38 43.2687|-64.6379395|CIR
13 38 49.7951|-65.6378784|CIR
13 49 04.3255|-65.6249542|CIR
13 49 50.6089|-70.6244431|CIR
14 56 39.9459|-70.5115433|CIR
14 56 00.8721|-68.0122070|CIR
15 06 13.7103|-67.9909286|CIR
15 05 24.8485|-64.0751266|CIR
15 20 39.9789|-64.0415649|CIR
15 20 13.0967|-61.4587479|CIR
15 30 21.5435|-61.4353065|CIR
15 30 11.9682|-60.4354935|CIR
15 29 31.6587|-55.4362831|CIR
15 12 20.0427|-55.4754944|CIR
14 40 56.2717|-55.5400887|CIR
14 42 03.5939|-64.5390244|CIR
06 12 51.7500|-11.0301533|CMA
07 27 53.6159|-11.2521448|CMA
07 26 42.5277|-33.2504692|CMA
06 39 36.9263|-33.1128159|CMA
06 11 35.7763|-33.0282326|CMA
06 11 58.2159|-27.2787991|CMA
08 11 23.7617| -0.3693900|CMI
07 18 23.9199| -0.2243290|CMI
07 18 28.0605|  1.2755718|CMI
07 07 28.1751|  1.3074419|CMI
07 07 39.4259|  5.3071680|CMI
07 06 39.4373|  5.3100886|CMI
07 06 52.2911|  9.8097754|CMI
07 06 59.5746| 12.3095980|CMI
07 36 57.8409| 12.2238722|CMI
07 37 00.6546| 13.2238064|CMI
07 55 29.1853| 13.1732168|CMI
07 55 19.7973|  9.6734257|CMI
08 02 19.3614|  9.6548138|CMI
08 02 11.6023|  6.6549850|CMI
08 11 41.1339|  6.6302376|CMI
09 21 37.0221|  6.4700689|CNC
08 11 41.1339|  6.6302376|CNC
08 02 11.6023|  6.6549850|CNC
08 02 19.3614|  9.6548138|CNC
07 55 19.7973|  9.6734257|CNC
07 55 29.1853| 13.1732168|CNC
07 55 47.4107| 19.6728077|CNC
08 00 16.8297| 19.6608200|CNC
08 00 41.1951| 27.6602821|CNC
08 07 39.8327| 27.6419144|CNC
08 07 58.3755| 33.1415138|CNC
09 22 35.0364| 32.9691162|CNC
05 03 53.8665|-42.8255501|COL
05 05 01.1850|-27.0772038|COL
06 11 58.2159|-27.2787991|COL
06 11 35.7763|-33.0282326|COL
06 39 36.9263|-33.1128159|COL
06 38 50.1399|-43.1116486|COL
06 03 48.4265|-43.0057793|COL
11 58 25.0885| 13.3040485|COM
11 58 26.1459| 28.3040466|COM
12 06 22.9593| 28.3039627|COM
12 06 22.6815| 33.3039627|COM
12 26 13.0225| 33.3074303|COM
12 26 13.8465| 31.3074341|COM
13 20 49.8595| 31.3437366|COM
13 20 54.3779| 27.8437748|COM
13 35 48.9293| 27.8603134|COM
13 36 06.9433| 14.3604937|COM
12 56 14.1759| 14.3225088|COM
12 56 14.8866| 13.3225126|COM
17 58 30.1113|-37.0174599|CRA
19 18 23.1167|-36.7785645|CRA
19 19 04.7136|-45.2775650|CRA
18 09 14.1642|-45.4859734|CRA
17 59 14.2281|-45.5163460|CRA
15 16 23.8839| 25.5380573|CRB
15 16 03.8205| 32.5376778|CRB
15 30 59.2747| 32.5726128|CRB
15 30 34.4765| 39.5721130|CRB
15 49 27.7025| 39.6189079|CRB
16 24 17.2677| 39.7117195|CRB
16 25 07.1526| 26.7128716|CRB
16 15 08.8095| 26.6855240|CRB
16 15 12.0438| 25.6855946|CRB
16 07 13.3763| 25.6641407|CRB
10 51 18.5133| -6.6621790|CRT
10 51 13.8993|-11.6621428|CRT
10 51 06.1297|-19.6620827|CRT
10 56 07.3407|-19.6666222|CRT
10 56 01.9399|-25.1665821|CRT
11 56 21.9145|-25.1957951|CRT
11 56 23.2224|-11.6957970|CRT
11 56 23.6655| -6.6957974|CRT
11 37 22.1517| -6.6916924|CRT
11 56 16.9843|-55.6957932|CRU
11 56 13.7673|-64.6957855|CRU
12 57 45.2113|-64.6769638|CRU
12 57 20.2827|-55.6771049|CRU
12 57 20.2827|-55.6771049|CRU1
12 56 31.9326|-11.6773882|CRV
11 56 23.2224|-11.6957970|CRV
11 56 21.9145|-25.1957951|CRV
12 41 37.0860|-25.1864014|CRV
12 41 35.6406|-22.6864090|CRV
12 56 40.0488|-22.6773415|CRV
12 06 22.6815| 33.3039627|CVN
12 06 21.9399| 44.3039627|CVN
12 11 18.3441| 44.3043365|CVN
12 11 16.4454| 52.3043365|CVN
13 34 58.1757| 52.3598061|CVN
13 35 10.8273| 47.8599281|CVN
14 06 47.6957| 47.9039383|CVN
14 07 33.3441| 30.1545391|CVN
14 03 05.0061| 30.1475964|CVN
14 03 09.3186| 27.8976517|CVN
13 35 48.9293| 27.8603134|CVN
13 20 54.3779| 27.8437748|CVN
13 20 49.8595| 31.3437366|CVN
12 26 13.8465| 31.3074341|CVN
12 26 13.0225| 33.3074303|CVN
19 20 31.8351| 27.7324085|CYG
19 20 22.8606| 30.2321968|CYG
19 26 23.7066| 30.2493153|CYG
19 25 58.2251| 36.7487144|CYG
19 28 28.7173| 36.7558022|CYG
19 27 56.0466| 43.7550354|CYG
19 13 52.8737| 43.7149391|CYG
19 13 30.1249| 47.7143936|CYG
19 08 28.9554| 47.6998672|CYG
19 07 30.3503| 55.6984482|CYG
19 27 37.1023| 55.7560043|CYG
19 27 14.2920| 58.2554703|CYG
19 48 24.1329| 58.3138733|CYG
19 48 09.4179| 59.8135414|CYG
20 02 17.5830| 59.8510780|CYG
20 34 51.9823| 59.9322395|CYG
20 34 38.5929| 61.3486443|CYG
20 38 29.7107| 61.3576965|CYG
20 39 19.5267| 55.2753258|CYG
22 02 24.5253| 55.4364891|CYG
22 02 33.4104| 53.3532715|CYG
22 03 03.0391| 44.6036453|CYG
21 59 30.8655| 44.5982513|CYG
21 59 31.5935| 44.3482628|CYG
21 57 30.3937| 44.3451195|CYG
21 57 50.6430| 36.5953827|CYG
21 49 16.7916| 36.5815468|CYG
21 49 34.8435| 28.5817947|CYG
21 30 28.8393| 28.5480537|CYG
21 00 20.1395| 28.4871883|CYG
21 00 17.4201| 29.4871387|CYG
19 45 00.2265| 29.3010578|CYG
19 45 05.3283| 27.8011742|CYG
20 38 19.1706|  2.4360874|DEL
20 24 18.9843|  2.4021468|DEL
20 24 03.3495|  8.9018240|DEL
20 14 32.8020|  8.8779116|DEL
20 14 14.1594| 16.1275158|DEL
20 20 44.8677| 16.1439629|DEL
20 20 32.1717| 20.8936996|DEL
20 39 35.2649| 20.9399471|DEL
20 39 37.8396| 19.9399967|DEL
21 08 42.9079| 20.0046406|DEL
21 08 59.6073| 12.3382607|DEL
20 58 28.4631| 12.3157644|DEL
20 58 41.0631|  6.4826641|DEL
20 56 10.9212|  6.4771614|DEL
20 56 19.4633|  2.4773185|DEL
03 53 16.5091|-52.7968445|DOR
04 03 11.4951|-52.8228111|DOR
04 02 46.3005|-56.1555862|DOR
04 22 36.1110|-56.2093849|DOR
04 22 13.1016|-58.7088547|DOR
04 37 05.8883|-58.7506638|DOR
04 35 10.5645|-67.2479248|DOR
04 34 19.5657|-69.7467194|DOR
06 33 49.0615|-70.1041336|DOR
06 35 44.9397|-64.1070251|DOR
06 00 41.6743|-64.0010529|DOR
06 01 22.8147|-61.0020981|DOR
05 31 25.8273|-60.9112892|DOR
05 32 04.5129|-57.4122620|DOR
05 02 11.4583|-57.3230400|DOR
05 02 42.4842|-53.8238029|DOR
04 32 52.2589|-53.7376366|DOR
04 33 26.9395|-48.7384491|DOR
04 19 31.7727|-48.6996651|DOR
04 08 35.9779|-48.6699715|DOR
04 08 23.6735|-50.6697006|DOR
03 53 30.5199|-50.6304779|DOR
09 22 27.7137| 72.9741364|DRA
09 28 45.8868| 81.4677658|DRA
10 52 25.2999| 81.3396072|DRA
10 51 16.4635| 79.3401794|DRA
11 38 07.5801| 79.3083420|DRA
11 37 44.3511| 76.3084106|DRA
13 03 16.9470| 76.3289108|DRA
13 04 23.3937| 69.3293610|DRA
14 02 36.1947| 69.3991165|DRA
14 03 16.9333| 65.3996506|DRA
15 41 19.0957| 65.6023483|DRA
15 40 12.1512| 69.6009445|DRA
16 31 21.8550| 69.7383041|DRA
16 28 52.9698| 74.7347870|DRA
17 26 08.7929| 74.9033127|DRA
17 20 52.2971| 79.8953476|DRA
17 50 37.4449| 79.9857483|DRA
17 26 53.3353| 85.9495697|DRA
20 34 53.0328| 86.4656219|DRA
20 54 49.4097| 80.4867859|DRA
20 02 41.7120| 80.3647766|DRA
20 07 29.6155| 75.3708725|DRA
20 38 17.5297| 75.4455261|DRA
20 41 20.1635| 67.4490280|DRA
20 26 04.1715| 67.4129562|DRA
20 27 14.8482| 61.9143791|DRA
20 01 56.4481| 61.8506203|DRA
20 02 17.5830| 59.8510780|DRA
19 48 09.4179| 59.8135414|DRA
19 48 24.1329| 58.3138733|DRA
19 27 14.2920| 58.2554703|DRA
19 27 37.1023| 55.7560043|DRA
19 07 30.3503| 55.6984482|DRA
19 08 28.9554| 47.6998672|DRA
18 17 22.1701| 47.5476036|DRA
18 17 01.8453| 50.5470886|DRA
17 03 08.7246| 50.3244438|DRA
17 03 01.6383| 51.3242683|DRA
15 48 29.9005| 51.1176796|DRA
15 48 20.2737| 52.6174774|DRA
15 18 37.7697| 52.5451736|DRA
15 18 21.8531| 55.0448647|DRA
14 29 00.2997| 54.9422379|DRA
14 28 10.8609| 62.4414825|DRA
13 34 17.6739| 62.3593979|DRA
13 34 12.1293| 63.3593445|DRA
12 06 19.5743| 63.3039627|DRA
12 06 19.0213| 65.8039627|DRA
11 27 23.8431| 65.8126068|DRA
11 27 50.7287| 72.8125000|DRA
20 56 19.4633|  2.4773185|EQU
20 56 10.9212|  6.4771614|EQU
20 58 41.0631|  6.4826641|EQU
20 58 28.4631| 12.3157644|EQU
21 08 59.6073| 12.3382607|EQU
21 13 00.0635| 12.3465548|EQU
21 12 58.6836| 13.0132008|EQU
21 26 00.2645| 13.0390635|EQU
21 26 20.0331|  2.5393796|EQU
03 41 24.6973|  0.4037257|ERI
04 43 24.5665|  0.2375014|ERI
04 46 24.5553|  0.2289162|ERI
04 46 13.5261| -3.7708201|ERI
05 11 13.0549| -3.8437285|ERI
05 10 52.8075|-10.8432293|ERI
05 00 53.2203|-10.8138046|ERI
05 00 42.8915|-14.3135529|ERI
04 55 43.1515|-14.2989721|ERI
04 55 02.2311|-27.0479794|ERI
04 47 03.1995|-27.0248775|ERI
04 46 53.3805|-29.7746429|ERI
04 39 54.3963|-29.7546597|ERI
04 39 26.9701|-36.7540054|ERI
04 20 31.1640|-36.7010231|ERI
04 20 18.3390|-39.7007294|ERI
03 56 25.4123|-39.6368256|ERI
03 56 07.5275|-43.6364403|ERI
03 29 18.4254|-43.5694046|ERI
03 29 09.3606|-45.5692215|ERI
03 04 21.7851|-45.5124779|ERI
03 04 08.2833|-48.5122337|ERI
02 44 20.4741|-48.4710045|ERI
02 44 11.4465|-50.4708595|ERI
02 29 21.8904|-50.4425697|ERI
02 29 08.0031|-53.4423561|ERI
02 14 20.1945|-53.4164696|ERI
02 13 57.4619|-57.9161568|ERI
01 24 49.4949|-57.8484154|ERI
01 25 05.5830|-52.8485603|ERI
01 39 52.1651|-52.8658562|ERI
01 39 58.5234|-50.8659210|ERI
01 54 46.3817|-50.8859215|ERI
01 54 57.1975|-47.5527229|ERI
02 24 36.7074|-47.6004944|ERI
02 25 03.3633|-39.4342155|ERI
03 04 44.9425|-39.5128975|ERI
03 04 46.3973|-39.0962563|ERI
03 34 34.6281|-39.1650963|ERI
03 34 47.9053|-35.5820351|ERI
03 49 43.3229|-35.6192436|ERI
03 50 21.3363|-24.0033779|ERI
02 44 35.7021|-23.8536034|ERI
02 45 21.4131| -1.2210265|ERI
03 23 20.8039| -1.3029516|ERI
03 41 20.5397| -1.3461887|ERI
01 45 51.8397|-23.7562580|FOR
02 44 35.7021|-23.8536034|FOR
03 50 21.3363|-24.0033779|FOR
03 49 43.3229|-35.6192436|FOR
03 34 47.9053|-35.5820351|FOR
03 34 34.6281|-39.1650963|FOR
03 04 46.3973|-39.0962563|FOR
03 04 44.9425|-39.5128975|FOR
02 25 03.3633|-39.4342155|FOR
01 45 24.1747|-39.3726234|FOR
01 45 50.1333|-24.8729095|FOR
06 25 29.4633| 11.9332972|GEM
06 25 46.5402| 17.4328651|GEM
06 20 16.6981| 17.4495068|GEM
06 20 29.7906| 21.4491768|GEM
06 00 30.0373| 21.5098724|GEM
06 00 34.5690| 22.8430862|GEM
06 00 53.0571| 28.0092907|GEM
06 39 51.7579| 27.8913116|GEM
06 40 21.6663| 35.3905640|GEM
07 30 14.5725| 35.2445297|GEM
07 53 09.5301| 35.1810532|GEM
07 53 01.9392| 33.1812286|GEM
08 07 58.3755| 33.1415138|GEM
08 07 39.8327| 27.6419144|GEM
08 00 41.1951| 27.6602821|GEM
08 00 16.8297| 19.6608200|GEM
07 55 47.4107| 19.6728077|GEM
07 55 29.1853| 13.1732168|GEM
07 37 00.6546| 13.2238064|GEM
07 36 57.8409| 12.2238722|GEM
07 06 59.5746| 12.3095980|GEM
07 06 52.2911|  9.8097754|GEM
07 02 52.4303|  9.8214874|GEM
07 02 58.2756| 11.8213453|GEM
21 27 42.7327|-36.4592972|GRU
21 28 10.1571|-44.9588585|GRU
21 28 28.1679|-49.4585724|GRU
22 07 59.7180|-49.3911743|GRU
22 08 27.2868|-56.3908348|GRU
23 27 04.4453|-56.3126869|GRU
23 26 46.2491|-39.3127594|GRU
23 26 44.0106|-36.3127670|GRU
23 06 54.6033|-36.3249741|GRU
16 22 14.0628|  3.7033811|HER
16 11 14.3203|  3.6735139|HER
16 10 42.3912| 15.6728001|HER
16 00 43.4577| 15.6463346|HER
16 00 26.6418| 21.6459675|HER
16 07 25.5781| 21.6644115|HER
16 07 13.3763| 25.6641407|HER
16 15 12.0438| 25.6855946|HER
16 15 08.8095| 26.6855240|HER
16 25 07.1526| 26.7128716|HER
16 24 17.2677| 39.7117195|HER
15 49 27.7025| 39.6189079|HER
15 48 29.9005| 51.1176796|HER
17 03 01.6383| 51.3242683|HER
17 03 08.7246| 50.3244438|HER
18 17 01.8453| 50.5470886|HER
18 17 22.1701| 47.5476036|HER
18 13 52.0497| 47.5369873|HER
18 15 17.8527| 30.0391560|HER
18 26 48.1855| 30.0739765|HER
18 27 03.0927| 26.0743504|HER
18 57 04.7682| 26.1640968|HER
18 57 06.5189| 25.6641407|HER
18 57 21.3919| 21.2478352|HER
18 57 29.6727| 18.6647091|HER
18 57 49.5029| 12.1651964|HER
18 45 33.1308| 12.1287737|HER
18 20 48.7403| 12.0543308|HER
18 20 41.5857| 14.3874788|HER
17 20 42.4507| 14.2060347|HER
17 20 47.0033| 12.7061481|HER
16 50 48.3558| 12.6179380|HER
16 51 13.4183|  3.7852108|HER
04 20 18.3390|-39.7007294|HOR
04 19 31.7727|-48.6996651|HOR
04 08 35.9779|-48.6699715|HOR
04 08 23.6735|-50.6697006|HOR
03 53 30.5199|-50.6304779|HOR
03 53 16.5091|-52.7968445|HOR
03 33 27.6005|-52.7470779|HOR
03 32 56.8359|-57.0797844|HOR
03 15 09.8715|-57.0377846|HOR
03 13 27.0455|-67.0358200|HOR
02 12 48.5665|-66.9151917|HOR
02 13 57.4619|-57.9161568|HOR
02 14 20.1945|-53.4164696|HOR
02 29 08.0031|-53.4423561|HOR
02 29 21.8904|-50.4425697|HOR
02 44 11.4465|-50.4708595|HOR
02 44 20.4741|-48.4710045|HOR
03 04 08.2833|-48.5122337|HOR
03 04 21.7851|-45.5124779|HOR
03 29 09.3606|-45.5692215|HOR
03 29 18.4254|-43.5694046|HOR
03 56 07.5275|-43.6364403|HOR
03 56 25.4123|-39.6368256|HOR
08 11 23.7617| -0.3693900|HYA
08 11 41.1339|  6.6302376|HYA
09 21 37.0221|  6.4700689|HYA
09 41 35.6201|  6.4327669|HYA
09 41 23.7375| -0.5670585|HYA
09 41 04.8653|-11.5667810|HYA
10 51 13.8993|-11.6621428|HYA
10 51 06.1297|-19.6620827|HYA
10 56 07.3407|-19.6666222|HYA
10 56 01.9399|-25.1665821|HYA
11 56 21.9145|-25.1957951|HYA
12 41 37.0860|-25.1864014|HYA
12 41 35.6406|-22.6864090|HYA
12 56 40.0488|-22.6773415|HYA
14 22 03.1419|-22.5727749|HYA
14 22 08.0857|-25.0727024|HYA
15 02 18.3729|-24.9951096|HYA
15 02 31.3847|-29.9948788|HYA
12 41 40.1759|-30.1863899|HYA
12 41 42.5277|-33.6863785|HYA
12 21 32.9843|-33.6938934|HYA
12 21 33.6711|-35.6938896|HYA
11 05 55.0471|-35.6746559|HYA
10 55 50.0437|-35.6664963|HYA
10 55 54.6924|-31.8332005|HYA
10 40 48.3309|-31.8185863|HYA
10 40 51.0945|-29.8186131|HYA
10 20 43.5185|-29.7947845|HYA
10 20 47.8410|-27.1281624|HYA
09 50 38.2279|-27.0835037|HYA
09 50 43.1235|-24.5835705|HYA
09 27 37.0404|-24.5425186|HYA
09 10 32.8263|-24.5086308|HYA
09 10 44.3928|-19.5088310|HYA
08 40 39.2430|-19.4423733|HYA
08 40 44.2416|-17.4424706|HYA
08 27 42.5027|-17.4112568|HYA
08 27 57.5471|-11.4115648|HYA
08 10 56.2029|-11.3687992|HYA
04 35 10.5645|-67.2479248|HYI
04 34 19.5657|-69.7467194|HYI
04 31 49.7964|-74.7431641|HYI
03 28 18.1877|-74.5741272|HYI
03 20 21.9973|-82.0644531|HYI
00 06 08.0139|-81.8039551|HYI
00 06 15.9113|-74.3039627|HYI
00 49 19.7850|-74.3185730|HYI
00 49 10.8995|-75.3185272|HYI
01 22 36.9721|-75.3472214|HYI
01 24 49.4949|-57.8484154|HYI
02 13 57.4619|-57.9161568|HYI
02 12 48.5665|-66.9151917|HYI
03 13 27.0455|-67.0358200|HYI
21 32 44.3418|-74.4544678|IND
23 27 59.4799|-74.3124619|IND
23 27 26.7339|-66.8125992|IND
22 09 35.6562|-66.8899918|IND
22 08 27.2868|-56.3908348|IND
22 07 59.7180|-49.3911743|IND
21 28 28.1679|-49.4585724|IND
21 28 10.1571|-44.9588585|IND
20 28 40.6308|-45.0900002|IND
20 29 50.1123|-56.5885773|IND
20 30 15.5523|-59.5880547|IND
21 29 23.6763|-59.4576836|IND
21 57 50.6430| 36.5953827|LAC
21 57 30.3937| 44.3451195|LAC
21 59 31.5935| 44.3482628|LAC
21 59 30.8655| 44.5982513|LAC
22 03 03.0391| 44.6036453|LAC
22 02 33.4104| 53.3532715|LAC
22 12 41.9223| 53.3679428|LAC
22 12 33.0303| 55.6178436|LAC
22 23 43.5123| 55.6326256|LAC
22 23 38.6232| 56.8825760|LAC
22 57 12.9665| 56.9179611|LAC
22 57 22.2843| 53.1680298|LAC
22 57 51.6729| 35.1682358|LAC
22 54 50.2063| 35.1656151|LAC
22 54 49.5677| 35.6656113|LAC
22 05 26.2939| 35.6069336|LAC
22 05 24.1105| 36.6069069|LAC
10 51 23.9310| -0.6622211|LEO
10 51 30.2447|  6.3377299|LEO
09 41 35.6201|  6.4327669|LEO
09 21 37.0221|  6.4700689|LEO
09 22 35.0364| 32.9691162|LEO
10 00 20.2525| 32.9022789|LEO
10 00 10.1625| 27.9024086|LEO
10 36 57.2163| 27.8529167|LEO
10 36 50.6106| 22.8529778|LEO
10 51 46.2093| 22.8376045|LEO
10 51 48.3585| 24.8375893|LEO
11 06 43.4250| 24.8250446|LEO
11 06 46.5595| 28.3250256|LEO
11 58 26.1459| 28.3040466|LEO
11 58 25.0885| 13.3040485|LEO
11 58 24.8963| 10.3040485|LEO
11 37 27.7651| 10.3082914|LEO
11 37 24.1259| -0.6916979|LEO
11 37 22.1517| -6.6916924|LEO
10 51 18.5133| -6.6621790|LEO
04 55 02.2311|-27.0479794|LEP
05 05 01.1850|-27.0772038|LEP
06 11 58.2159|-27.2787991|LEP
06 12 51.7500|-11.0301533|LEP
05 55 51.7897|-10.9785318|LEP
05 10 52.8075|-10.8432293|LEP
05 00 53.2203|-10.8138046|LEP
05 00 42.8915|-14.3135529|LEP
04 55 43.1515|-14.2989721|LEP
15 11 24.7229| -0.4742887|LIB
14 46 24.7422| -0.5269387|LIB
14 46 40.1059| -8.5266848|LIB
14 21 38.0415| -8.5731344|LIB
14 22 03.1419|-22.5727749|LIB
14 22 08.0857|-25.0727024|LIB
15 02 18.3729|-24.9951096|LIB
15 02 31.3847|-29.9948788|LIB
15 47 43.1952|-29.8896160|LIB
15 47 15.1353|-20.3902016|LIB
16 02 17.2263|-20.3516178|LIB
16 01 44.9469| -8.3523235|LIB
16 01 32.8689| -3.6025870|LIB
15 11 31.6683| -3.7241600|LIB
09 22 35.0364| 32.9691162|LMI
09 22 53.1915| 39.2188187|LMI
09 42 43.6734| 39.1817665|LMI
09 42 50.2171| 41.4316750|LMI
10 17 30.7737| 41.3773613|LMI
10 17 26.2590| 39.3774109|LMI
10 54 05.5605| 39.3356133|LMI
10 53 57.4581| 33.3356781|LMI
11 06 51.4141| 33.3249931|LMI
11 06 46.5595| 28.3250256|LMI
11 06 43.4250| 24.8250446|LMI
10 51 48.3585| 24.8375893|LMI
10 51 46.2093| 22.8376045|LMI
10 36 50.6106| 22.8529778|LMI
10 36 57.2163| 27.8529167|LMI
10 00 10.1625| 27.9024086|LMI
10 00 20.2525| 32.9022789|LMI
14 18 37.6359|-55.5799522|LUP
14 40 56.2717|-55.5400887|LUP
15 12 20.0427|-55.4754944|LUP
15 12 13.6119|-54.4756165|LUP
15 29 24.8093|-54.4364166|LUP
15 28 49.7391|-48.4371071|LUP
15 48 59.3475|-48.3880234|LUP
15 48 29.9005|-42.3886375|LUP
16 08 36.6735|-42.3366776|LUP
16 07 47.4477|-29.8377628|LUP
15 47 43.1952|-29.8896160|LUP
15 02 31.3847|-29.9948788|LUP
15 03 11.1071|-42.4941750|LUP
14 17 48.0635|-42.5806465|LUP
07 30 14.5725| 35.2445297|LYN
07 30 56.1899| 44.2435493|LYN
06 57 03.6727| 44.3418388|LYN
06 57 37.5261| 49.8410034|LYN
06 39 40.6703| 49.8945885|LYN
06 40 11.0475| 53.8938293|LYN
06 16 13.7679| 53.9662552|LYN
06 16 31.4613| 55.9658089|LYN
06 17 37.7895| 61.9641266|LYN
07 11 24.3726| 61.8031464|LYN
07 11 00.7674| 59.8037262|LYN
08 08 30.9843| 59.6433983|LYN
08 35 11.7921| 59.5759888|LYN
08 33 45.6249| 46.5777283|LYN
09 18 21.7707| 46.4782791|LYN
09 18 02.9977| 41.4785957|LYN
09 42 50.2171| 41.4316750|LYN
09 42 43.6734| 39.1817665|LYN
09 22 53.1915| 39.2188187|LYN
09 22 35.0364| 32.9691162|LYN
08 07 58.3755| 33.1415138|LYN
07 53 01.9392| 33.1812286|LYN
07 53 09.5301| 35.1810532|LYN
18 57 06.5189| 25.6641407|LYR
18 57 04.7682| 26.1640968|LYR
18 27 03.0927| 26.0743504|LYR
18 26 48.1855| 30.0739765|LYR
18 15 17.8527| 30.0391560|LYR
18 13 52.0497| 47.5369873|LYR
18 17 22.1701| 47.5476036|LYR
19 08 28.9554| 47.6998672|LYR
19 13 30.1249| 47.7143936|LYR
19 13 52.8737| 43.7149391|LYR
19 27 56.0466| 43.7550354|LYR
19 28 28.7173| 36.7558022|LYR
19 25 58.2251| 36.7487144|LYR
19 26 23.7066| 30.2493153|LYR
19 20 22.8606| 30.2321968|LYR
19 20 31.8351| 27.7324085|LYR
19 20 38.7153| 25.7325745|LYR
07 16 04.7301|-85.2614441|MEN
03 12 55.9008|-84.5553818|MEN
03 20 21.9973|-82.0644531|MEN
03 28 18.1877|-74.5741272|MEN
04 31 49.7964|-74.7431641|MEN
04 34 19.5657|-69.7467194|MEN
06 33 49.0615|-70.1041336|MEN
06 31 04.9703|-75.1000366|MEN
07 36 51.5289|-75.2899170|MEN
07 26 36.5075|-82.7758865|MEN
20 27 35.5093|-27.5913391|MIC
21 27 19.5927|-27.4596672|MIC
21 27 42.7327|-36.4592972|MIC
21 28 10.1571|-44.9588585|MIC
20 28 40.6308|-45.0900002|MIC
06 20 54.1633| -0.0537102|MON
06 21 23.5275|  9.9455481|MON
06 25 23.4397|  9.9334478|MON
06 25 29.4633| 11.9332972|MON
07 02 58.2756| 11.8213453|MON
07 02 52.4303|  9.8214874|MON
07 06 52.2911|  9.8097754|MON
07 06 39.4373|  5.3100886|MON
07 07 39.4259|  5.3071680|MON
07 07 28.1751|  1.3074419|MON
07 18 28.0605|  1.2755718|MON
07 18 23.9199| -0.2243290|MON
08 11 23.7617| -0.3693900|MON
08 10 56.2029|-11.3687992|MON
07 27 53.6159|-11.2521448|MON
06 12 51.7500|-11.0301533|MON
05 55 51.7897|-10.9785318|MON
05 56 12.5693| -3.9790573|MON
06 20 42.5141| -4.0534163|MON
11 20 20.3547|-64.6842651|MUS
11 19 25.6735|-75.6840134|MUS
13 51 07.5441|-75.6235962|MUS
13 49 50.6089|-70.6244431|MUS
13 49 04.3255|-65.6249542|MUS
13 38 49.7951|-65.6378784|MUS
13 38 43.2687|-64.6379395|MUS
12 57 45.2113|-64.6769638|MUS
11 56 13.7673|-64.6957855|MUS
15 30 11.9682|-60.4354935|NOR
16 36 08.3235|-60.2644577|NOR
16 34 16.9497|-45.7670517|NOR
16 33 58.7466|-42.2674789|NOR
16 08 36.6735|-42.3366776|NOR
15 48 29.9005|-42.3886375|NOR
15 48 59.3475|-48.3880234|NOR
15 28 49.7391|-48.4371071|NOR
15 29 24.8093|-54.4364166|NOR
15 12 13.6119|-54.4756165|NOR
15 12 20.0427|-55.4754944|NOR
15 29 31.6587|-55.4362831|NOR
00 03 12.1551|-89.3039017|OCT
00 06 08.0139|-81.8039551|OCT
03 20 21.9973|-82.0644531|OCT
03 12 55.9008|-84.5553818|OCT
07 16 04.7301|-85.2614441|OCT
07 26 36.5075|-82.7758865|OCT
13 56 26.6661|-83.1200714|OCT
18 27 27.8395|-82.4582748|OCT
18 16 46.8145|-74.9745178|OCT
21 32 44.3418|-74.4544678|OCT
23 27 59.4799|-74.3124619|OCT
00 06 15.9135|-74.3039627|OCT
00 03 12.1551|-89.3039017|OCT
00 03 12.1565|-89.3038940|OCT
16 22 24.6306| -0.2963768|OPH
16 22 14.0628|  3.7033811|OPH
16 51 13.4183|  3.7852108|OPH
16 50 48.3558| 12.6179380|OPH
17 20 47.0033| 12.7061481|OPH
17 20 42.4507| 14.2060347|OPH
18 20 41.5857| 14.3874788|OPH
18 20 48.7403| 12.0543308|OPH
18 45 33.1308| 12.1287737|OPH
18 45 50.0565|  6.3791943|OPH
18 21 05.9065|  6.3047633|OPH
18 21 11.0427|  4.5548930|OPH
18 31 29.0715|  4.5860157|OPH
18 31 33.4319|  3.0861249|OPH
18 21 15.4167|  3.0550034|OPH
18 21 24.1437|  0.0552235|OPH
17 56 24.2491| -0.0206471|OPH
17 56 35.9289| -4.0203514|OPH
18 04 35.9217| -3.9960551|OPH
18 04 53.6919| -9.9956055|OPH
17 46 53.7017|-10.0502338|OPH
17 46 58.7280|-11.7167768|OPH
17 41 58.6569|-11.7319136|OPH
17 41 53.6377|-10.0653696|OPH
17 16 53.2967|-10.1404381|OPH
17 17 11.3827|-16.1399899|OPH
17 43 12.0457|-16.0618820|OPH
17 44 00.4405|-30.0606632|OPH
16 52 56.4837|-30.2123089|OPH
16 52 37.3609|-24.7960968|OPH
16 23 33.9471|-24.8781185|OPH
16 23 17.5161|-19.5451660|OPH
16 29 48.1621|-19.5271549|OPH
16 29 45.1752|-18.5272255|OPH
16 23 14.5633|-18.5452347|OPH
16 22 45.8889| -8.2958899|OPH
16 01 44.9469| -8.3523235|OPH
16 01 32.8689| -3.6025870|OPH
16 22 33.2133| -3.5461800|OPH
04 43 24.5665|  0.2375014|ORI
04 44 08.1669| 15.7364635|ORI
05 05 09.3423| 15.6755352|ORI
05 05 10.8669| 16.1754990|ORI
05 27 11.6910| 16.1101055|ORI
05 27 10.1358| 15.6101446|ORI
05 43 10.4751| 15.5619202|ORI
05 43 01.2137| 12.5621548|ORI
05 53 01.2887| 12.5318508|ORI
05 53 18.5201| 18.0314159|ORI
05 49 18.4757| 18.0435486|ORI
05 49 34.5105| 22.8764725|ORI
06 00 34.5690| 22.8430862|ORI
06 00 30.0373| 21.5098724|ORI
06 20 29.7906| 21.4491768|ORI
06 20 16.6981| 17.4495068|ORI
06 25 46.5402| 17.4328651|ORI
06 25 29.4633| 11.9332972|ORI
06 25 23.4397|  9.9334478|ORI
06 21 23.5275|  9.9455481|ORI
06 20 54.1633| -0.0537102|ORI
06 20 42.5141| -4.0534163|ORI
05 56 12.5693| -3.9790573|ORI
05 55 51.7897|-10.9785318|ORI
05 10 52.8075|-10.8432293|ORI
05 11 13.0549| -3.8437285|ORI
04 46 13.5261| -3.7708201|ORI
04 46 24.5553|  0.2289162|ORI
18 16 46.8145|-74.9745178|PAV
21 32 44.3418|-74.4544678|PAV
21 29 23.6763|-59.4576836|PAV
20 30 15.5523|-59.5880547|PAV
20 29 50.1123|-56.5885773|PAV
18 10 41.3407|-56.9837723|PAV
17 40 40.3655|-57.0747757|PAV
17 43 06.1749|-67.5711060|PAV
18 13 07.2185|-67.4800797|PAV
21 26 20.0331|  2.5393796|PEG
21 26 00.2645| 13.0390635|PEG
21 12 58.6836| 13.0132008|PEG
21 13 00.0635| 12.3465548|PEG
21 08 59.6073| 12.3382607|PEG
21 08 42.9079| 20.0046406|PEG
21 20 45.2181| 20.0290813|PEG
21 20 36.4081| 24.0289364|PEG
21 30 38.8847| 24.0482101|PEG
21 30 28.8393| 28.5480537|PEG
21 49 34.8435| 28.5817947|PEG
21 49 16.7916| 36.5815468|PEG
21 57 50.6430| 36.5953827|PEG
22 05 24.1105| 36.6069069|PEG
22 05 26.2939| 35.6069336|PEG
22 54 49.5677| 35.6656113|PEG
22 54 50.2063| 35.1656151|PEG
22 57 51.6729| 35.1682358|PEG
23 36 10.6031| 35.1913109|PEG
23 36 11.7979| 32.7746468|PEG
23 51 18.7398| 32.7785072|PEG
23 51 18.8979| 32.0285034|PEG
00 06 25.6745| 32.0293655|PEG
00 06 25.4919| 28.6960354|PEG
00 10 27.0822| 28.6957588|PEG
00 10 26.4039| 22.6957588|PEG
00 14 57.7547| 22.6951923|PEG
00 14 57.5811| 21.6951923|PEG
00 14 56.1883| 13.1951942|PEG
00 06 24.7619| 13.1960354|PEG
00 06 24.6553| 10.6960354|PEG
23 56 23.3085| 10.6957970|PEG
23 56 23.5281|  8.1957970|PEG
22 51 17.1399|  8.1621685|PEG
22 51 22.1321|  2.6622071|PEG
22 06 20.9441|  2.6076074|PEG
22 06 21.3012|  2.3576119|PEG
21 46 20.9007|  2.3256910|PEG
21 46 19.2525|  3.3256676|PEG
21 34 18.8997|  3.3043909|PEG
21 34 20.2249|  2.5544112|PEG
02 50 30.8112| 31.1865025|PER
02 50 39.9523| 34.5196762|PER
02 41 36.5719| 34.5375137|PER
02 41 44.3181| 37.2873878|PER
02 38 43.0419| 37.2931557|PER
02 39 32.5149| 51.0423737|PER
02 10 41.7123| 51.0925827|PER
02 10 29.1579| 47.5927505|PER
01 47 43.5455| 47.6258430|PER
01 47 52.4457| 50.6257439|PER
01 29 37.9047| 50.6478767|PER
01 29 49.4433| 54.6477699|PER
01 50 08.0739| 54.6228828|PER
01 50 22.8534| 58.1227188|PER
02 03 05.6697| 58.1046753|PER
02 03 10.9501| 59.1046104|PER
02 35 12.5653| 59.0511551|PER
02 35 02.9609| 57.5513000|PER
03 15 36.2232| 57.4684982|PER
03 19 39.2391| 57.4593849|PER
03 19 24.9654| 55.4596519|PER
03 29 31.6561| 55.4362831|PER
03 29 15.1407| 52.9366074|PER
04 51 21.6684| 52.7196465|PER
04 49 49.7625| 36.2218513|PER
04 38 17.7219| 36.2547150|PER
04 37 56.8650| 30.9218750|PER
03 29 42.4003| 31.1003609|PER
23 26 46.2491|-39.3127594|PHE
23 27 04.4453|-56.3126869|PHE
23 27 06.8145|-57.8126793|PHE
01 24 49.4949|-57.8484154|PHE
01 25 05.5830|-52.8485603|PHE
01 39 52.1651|-52.8658562|PHE
01 39 58.5234|-50.8659210|PHE
01 54 46.3817|-50.8859215|PHE
01 54 57.1975|-47.5527229|PHE
02 24 36.7074|-47.6004944|PHE
02 25 03.3633|-39.4342155|PHE
01 45 24.1747|-39.3726234|PHE
06 03 48.4265|-43.0057793|PIC
05 03 53.8665|-42.8255501|PIC
04 53 55.7689|-42.7963676|PIC
04 53 36.4999|-46.2959023|PIC
04 33 41.7831|-46.2387962|PIC
04 33 26.9395|-48.7384491|PIC
04 32 52.2589|-53.7376366|PIC
05 02 42.4842|-53.8238029|PIC
05 02 11.4583|-57.3230400|PIC
05 32 04.5129|-57.4122620|PIC
05 31 25.8273|-60.9112892|PIC
06 01 22.8147|-61.0020981|PIC
06 00 41.6743|-64.0010529|PIC
06 35 44.9397|-64.1070251|PIC
06 50 48.7953|-64.1518784|PIC
06 52 02.6681|-58.1537018|PIC
06 31 58.8187|-58.0938416|PIC
06 32 27.4261|-55.0945587|PIC
06 12 25.7760|-55.0340500|PIC
06 12 46.6449|-52.5345764|PIC
06 02 46.4892|-52.5042114|PIC
06 02 59.7365|-50.7545471|PIC
23 06 43.4319|-24.8250446|PSA
21 59 04.8693|-24.9040413|PSA
21 27 13.8661|-24.9597607|PSA
21 27 19.5927|-27.4596672|PSA
21 27 42.7327|-36.4592972|PSA
23 06 54.6033|-36.3249741|PSA
22 51 23.9310|  0.6622211|PSC
22 51 22.1321|  2.6622071|PSC
22 51 17.1399|  8.1621685|PSC
23 56 23.5281|  8.1957970|PSC
23 56 23.3085| 10.6957970|PSC
00 06 24.6553| 10.6960354|PSC
00 06 24.7619| 13.1960354|PSC
00 14 56.1883| 13.1951942|PSC
00 14 57.5811| 21.6951923|PSC
00 57 39.5557| 21.6766376|PSC
00 57 41.7755| 24.4266243|PSC
00 49 39.2379| 24.4319324|PSC
00 49 46.3353| 33.6818962|PSC
01 31 35.3823| 33.6453705|PSC
01 31 27.9408| 28.6454391|PSC
01 47 03.5304| 28.6262817|PSC
01 46 58.7219| 25.6263351|PSC
01 46 37.3761| 10.5432396|PSC
02 06 39.6594| 10.5143948|PSC
02 06 27.6639|  2.5978806|PSC
00 26 24.9090|  2.6925383|PSC
00 26 24.3189|  0.6925398|PSC
00 26 22.2486| -6.3074551|PSC
23 56 24.7917| -6.3042021|PSC
23 56 24.5307| -3.3042023|PSC
22 51 27.5289| -3.3377509|PSC
07 27 53.6159|-11.2521448|PUP
07 26 42.5277|-33.2504692|PUP
06 39 36.9263|-33.1128159|PUP
06 38 50.1399|-43.1116486|PUP
06 03 48.4265|-43.0057793|PUP
06 02 59.7365|-50.7545471|PUP
08 03 26.8074|-51.1025848|PUP
08 04 09.1869|-43.3535042|PUP
08 26 17.3551|-43.4095192|PUP
08 26 42.6717|-37.1600380|PUP
08 27 42.5027|-17.4112568|PUP
08 27 57.5471|-11.4115648|PUP
08 10 56.2029|-11.3687992|PUP
08 27 42.5027|-17.4112568|PYX
08 40 44.2416|-17.4424706|PYX
08 40 39.2430|-19.4423733|PYX
09 10 44.3928|-19.5088310|PYX
09 10 32.8263|-24.5086308|PYX
09 27 37.0404|-24.5425186|PYX
09 27 05.1837|-37.2920151|PYX
08 26 42.6717|-37.1600380|PYX
03 13 27.0455|-67.0358200|RET
04 35 10.5645|-67.2479248|RET
04 37 05.8883|-58.7506638|RET
04 22 13.1016|-58.7088547|RET
04 22 36.1110|-56.2093849|RET
04 02 46.3005|-56.1555862|RET
04 03 11.4951|-52.8228111|RET
03 53 16.5091|-52.7968445|RET
03 33 27.6005|-52.7470779|RET
03 32 56.8359|-57.0797844|RET
03 15 09.8715|-57.0377846|RET
23 06 43.4319|-24.8250446|SCL
23 56 26.5355|-24.8042011|SCL
01 45 50.1333|-24.8729095|SCL
01 45 24.1747|-39.3726234|SCL
23 26 46.2491|-39.3127594|SCL
23 26 44.0106|-36.3127670|SCL
23 06 54.6033|-36.3249741|SCL
16 01 44.9469| -8.3523235|SCO
16 22 45.8889| -8.2958899|SCO
16 23 14.5633|-18.5452347|SCO
16 29 45.1752|-18.5272255|SCO
16 29 48.1621|-19.5271549|SCO
16 23 17.5161|-19.5451660|SCO
16 23 33.9471|-24.8781185|SCO
16 52 37.3609|-24.7960968|SCO
16 52 56.4837|-30.2123089|SCO
17 44 00.4405|-30.0606632|SCO
17 58 00.6747|-30.0182076|SCO
17 58 30.1113|-37.0174599|SCO
17 59 14.2281|-45.5163460|SCO
16 34 16.9497|-45.7670517|SCO
16 33 58.7466|-42.2674789|SCO
16 08 36.6735|-42.3366776|SCO
16 07 47.4477|-29.8377628|SCO
15 47 43.1952|-29.8896160|SCO
15 47 15.1353|-20.3902016|SCO
16 02 17.2263|-20.3516178|SCO
18 22 11.8863|-15.9435720|SCT
18 59 10.4928|-15.8328123|SCT
18 58 58.5729|-11.8664360|SCT
18 58 35.3503| -3.8336766|SCT
18 41 35.5650| -3.8842230|SCT
18 21 35.7894| -3.9444826|SCT
15 11 24.7229| -0.4742887|SER1
15 11 07.5567|  7.5253930|SER1
15 10 25.3179| 25.5246105|SER1
15 16 23.8839| 25.5380573|SER1
16 07 13.3763| 25.6641407|SER1
16 07 25.5781| 21.6644115|SER1
16 00 26.6418| 21.6459675|SER1
16 00 43.4577| 15.6463346|SER1
16 10 42.3912| 15.6728001|SER1
16 11 14.3203|  3.6735139|SER1
16 22 14.0628|  3.7033811|SER1
16 22 24.6306| -0.2963768|SER1
16 22 33.2133| -3.5461800|SER1
16 01 32.8689| -3.6025870|SER1
15 11 31.6683| -3.7241600|SER1
18 21 24.1437|  0.0552235|SER2
18 21 15.4167|  3.0550034|SER2
18 31 45.4137|  3.0867271|SER2
18 31 41.0535|  4.5866175|SER2
18 21 11.0427|  4.5548930|SER2
18 21 05.9065|  6.3047633|SER2
18 45 50.0565|  6.3791943|SER2
18 58 06.2364|  6.4156075|SER2
18 58 18.3421|  2.1659052|SER2
18 41 18.2958|  2.1153460|SER2
18 41 24.0501|  0.1154895|SER2
18 41 35.5650| -3.8842230|SER2
18 21 35.7894| -3.9444826|SER2
18 22 11.8863|-15.9435720|SER2
17 43 12.0457|-16.0618820|SER2
17 17 11.3827|-16.1399899|SER2
17 16 53.2967|-10.1404381|SER2
17 41 53.6377|-10.0653696|SER2
17 41 58.6569|-11.7319136|SER2
17 46 58.7280|-11.7167768|SER2
17 46 53.7017|-10.0502338|SER2
18 04 53.6919| -9.9956055|SER2
18 04 35.9217| -3.9960551|SER2
17 56 35.9289| -4.0203514|SER2
17 56 24.2491| -0.0206471|SER2
09 41 23.7375| -0.5670585|SEX
09 41 35.6201|  6.4327669|SEX
10 51 30.2447|  6.3377299|SEX
10 51 23.9310| -0.6622211|SEX
10 51 18.5133| -6.6621790|SEX
10 51 13.8993|-11.6621428|SEX
09 41 04.8653|-11.5667810|SEX
18 57 29.6727| 18.6647091|SGE
18 57 21.3919| 21.2478352|SGE
19 20 23.1147| 21.3148155|SGE
19 20 29.1091| 19.3982983|SGE
19 55 32.5653| 19.4955387|SGE
19 55 26.4612| 21.5787334|SGE
20 20 30.0981| 21.6436558|SGE
20 20 32.1717| 20.8936996|SGE
20 20 44.8677| 16.1439629|SGE
20 14 14.1594| 16.1275158|SGE
19 55 42.2400| 16.0790844|SGE
19 55 41.0797| 16.4957294|SGE
19 05 37.3146| 16.3550682|SGE
19 05 30.1185| 18.6882229|SGE
18 58 58.5729|-11.8664360|SGR
18 59 10.4928|-15.8328123|SGR
18 22 11.8863|-15.9435720|SGR
17 43 12.0457|-16.0618820|SGR
17 44 00.4405|-30.0606632|SGR
17 58 00.6747|-30.0182076|SGR
17 58 30.1113|-37.0174599|SGR
19 18 23.1167|-36.7785645|SGR
19 19 04.7136|-45.2775650|SGR
20 28 40.6308|-45.0900002|SGR
20 27 35.5093|-27.5913391|SGR
20 07 39.8327|-27.6419144|SGR
20 06 54.3287|-11.6762342|SGR
03 23 20.8039| -1.3029516|TAU
03 23 24.7161|  0.4469725|TAU
03 23 47.1387| 10.3632069|TAU
03 24 08.9363| 19.4461136|TAU
03 29 09.7494| 19.4343338|TAU
03 29 42.4003| 31.1003609|TAU
04 37 56.8650| 30.9218750|TAU
04 37 54.4293| 30.2552605|TAU
04 52 56.4823| 30.2123089|TAU
04 52 50.9941| 28.7124405|TAU
06 00 54.9367| 28.5092430|TAU
06 00 53.0571| 28.0092907|TAU
06 00 34.5690| 22.8430862|TAU
05 49 34.5105| 22.8764725|TAU
05 49 18.4757| 18.0435486|TAU
05 53 18.5201| 18.0314159|TAU
05 53 01.2887| 12.5318508|TAU
05 43 01.2137| 12.5621548|TAU
05 43 10.4751| 15.5619202|TAU
05 27 10.1358| 15.6101446|TAU
05 27 11.6910| 16.1101055|TAU
05 05 10.8669| 16.1754990|TAU
05 05 09.3423| 15.6755352|TAU
04 44 08.1669| 15.7364635|TAU
04 43 24.5665|  0.2375014|TAU
03 41 24.6973|  0.4037257|TAU
03 41 20.5397| -1.3461887|TAU
20 29 50.1123|-56.5885773|TEL
20 28 40.6308|-45.0900002|TEL
19 19 04.7136|-45.2775650|TEL
18 09 14.1642|-45.4859734|TEL
18 10 41.3407|-56.9837723|TEL
14 56 39.9459|-70.5115433|TRA
14 56 00.8721|-68.0122070|TRA
15 06 13.7103|-67.9909286|TRA
15 05 24.8485|-64.0751266|TRA
15 20 39.9789|-64.0415649|TRA
15 20 13.0967|-61.4587479|TRA
15 30 21.5435|-61.4353065|TRA
15 30 11.9682|-60.4354935|TRA
16 36 08.3235|-60.2644577|TRA
16 36 19.5912|-61.2641945|TRA
16 46 09.0833|-61.2364578|TRA
16 46 42.3171|-63.8189964|TRA
16 56 46.8330|-63.7900925|TRA
16 57 08.0435|-65.2062531|TRA
17 02 10.1742|-65.1916428|TRA
17 02 53.9959|-67.6905823|TRA
17 12 58.1958|-67.6610870|TRA
17 13 52.9629|-70.1597443|TRA
01 46 58.7219| 25.6263351|TRI
01 47 03.5304| 28.6262817|TRI
01 31 27.9408| 28.6454391|TRI
01 31 35.3823| 33.6453705|TRI
01 31 38.6004| 35.6453362|TRI
02 07 25.0201| 35.5971375|TRI
02 07 29.0619| 37.3470840|TRI
02 38 43.0419| 37.2931557|TRI
02 41 44.3181| 37.2873878|TRI
02 41 36.5719| 34.5375137|TRI
02 50 39.9523| 34.5196762|TRI
02 50 30.8112| 31.1865025|TRI
02 32 24.7665| 31.2213154|TRI
02 32 16.8357| 27.8047638|TRI
02 02 07.3479| 27.8550186|TRI
02 02 03.2907| 25.6050701|TRI
23 27 59.4799|-74.3124619|TUC
00 06 15.9113|-74.3039627|TUC
00 49 19.7850|-74.3185730|TUC
00 49 10.8995|-75.3185272|TUC
01 22 36.9721|-75.3472214|TUC
01 24 49.4949|-57.8484154|TUC
23 27 06.8145|-57.8126793|TUC
23 27 04.4453|-56.3126869|TUC
22 08 27.2868|-56.3908348|TUC
22 09 35.6562|-66.8899918|TUC
23 27 26.7339|-66.8125992|TUC
09 42 50.2171| 41.4316750|UMA
09 18 02.9977| 41.4785957|UMA
09 18 21.7707| 46.4782791|UMA
08 33 45.6249| 46.5777283|UMA
08 35 11.7921| 59.5759888|UMA
08 08 30.9843| 59.6433983|UMA
08 12 20.6949| 73.1383743|UMA
09 22 27.7137| 72.9741364|UMA
11 27 50.7287| 72.8125000|UMA
11 27 23.8431| 65.8126068|UMA
12 06 19.0213| 65.8039627|UMA
12 06 19.5743| 63.3039627|UMA
13 34 12.1293| 63.3593445|UMA
13 34 17.6739| 62.3593979|UMA
14 28 10.8609| 62.4414825|UMA
14 29 00.2997| 54.9422379|UMA
14 06 20.2539| 54.9035759|UMA
14 06 47.6957| 47.9039383|UMA
13 35 10.8273| 47.8599281|UMA
13 34 58.1757| 52.3598061|UMA
12 11 16.4454| 52.3043365|UMA
12 11 18.3441| 44.3043365|UMA
12 06 21.9399| 44.3039627|UMA
12 06 22.6815| 33.3039627|UMA
12 06 22.9593| 28.3039627|UMA
11 58 26.1459| 28.3040466|UMA
11 06 46.5595| 28.3250256|UMA
11 06 51.4141| 33.3249931|UMA
10 53 57.4581| 33.3356781|UMA
10 54 05.5605| 39.3356133|UMA
10 17 26.2590| 39.3774109|UMA
10 17 30.7737| 41.3773613|UMA
13 03 16.9470| 76.3289108|UMI
13 04 23.3937| 69.3293610|UMI
14 02 36.1947| 69.3991165|UMI
14 03 16.9333| 65.3996506|UMI
15 41 19.0957| 65.6023483|UMI
15 40 12.1512| 69.6009445|UMI
16 31 21.8550| 69.7383041|UMI
16 28 52.9698| 74.7347870|UMI
17 26 08.7929| 74.9033127|UMI
17 20 52.2971| 79.8953476|UMI
17 50 37.4449| 79.9857483|UMI
17 26 53.3353| 85.9495697|UMI
20 34 53.0328| 86.4656219|UMI
20 33 19.5253| 86.6306305|UMI
22 54 02.5599| 86.8368912|UMI
22 37 02.6371| 88.6638870|UMI
09 03 19.7931| 87.5689163|UMI
08 41 36.6601| 86.0975418|UMI
14 12 05.5098| 85.9308090|UMI
14 27 07.8855| 79.4449844|UMI
13 35 14.2055| 79.3629303|UMI
13 36 37.6845| 76.3638153|UMI
11 05 20.9415|-57.1744423|VEL
11 05 49.5611|-40.4246216|VEL
09 26 56.1747|-40.2918739|VEL
09 27 05.1837|-37.2920151|VEL
08 26 42.6717|-37.1600380|VEL
08 26 17.3551|-43.4095192|VEL
08 04 09.1869|-43.3535042|VEL
08 03 26.8074|-51.1025848|VEL
08 13 31.4709|-51.1285286|VEL
08 13 16.8279|-53.3782196|VEL
08 30 26.2299|-53.4206772|VEL
08 30 16.1085|-54.9204712|VEL
08 53 31.2417|-54.9742203|VEL
08 53 17.6773|-56.9739723|VEL
11 37 24.1259| -0.6916979|VIR
11 37 27.7651| 10.3082914|VIR
11 58 24.8963| 10.3040485|VIR
11 58 25.0885| 13.3040485|VIR
12 56 14.8866| 13.3225126|VIR
12 56 14.1759| 14.3225088|VIR
13 36 06.9433| 14.3604937|VIR
13 36 15.3237|  7.3605771|VIR
15 11 07.5567|  7.5253930|VIR
15 11 24.7229| -0.4742887|VIR
14 46 24.7422| -0.5269387|VIR
14 46 40.1059| -8.5266848|VIR
14 21 38.0415| -8.5731344|VIR
14 22 03.1419|-22.5727749|VIR
12 56 40.0488|-22.6773415|VIR
12 56 31.9326|-11.6773882|VIR
11 56 23.2224|-11.6957970|VIR
11 56 23.6655| -6.6957974|VIR
11 37 22.1517| -6.6916924|VIR
06 35 44.9397|-64.1070251|VOL
06 33 49.0615|-70.1041336|VOL
06 31 04.9703|-75.1000366|VOL
07 36 51.5289|-75.2899170|VOL
09 00 58.4849|-75.4954681|VOL
09 04 22.7345|-64.4990387|VOL
06 50 48.7953|-64.1518784|VOL
18 57 21.3919| 21.2478352|VUL
18 57 06.5189| 25.6641407|VUL
19 20 38.7153| 25.7325745|VUL
19 20 31.8351| 27.7324085|VUL
19 45 05.3283| 27.8011742|VUL
19 45 00.2265| 29.3010578|VUL
21 00 17.4201| 29.4871387|VUL
21 00 20.1395| 28.4871883|VUL
21 30 28.8393| 28.5480537|VUL
21 30 38.8847| 24.0482101|VUL
21 20 36.4081| 24.0289364|VUL
21 20 45.2181| 20.0290813|VUL
21 08 42.9079| 20.0046406|VUL
20 39 37.8396| 19.9399967|VUL
20 39 35.2649| 20.9399471|VUL
20 20 32.1717| 20.8936996|VUL
20 20 30.0981| 21.6436558|VUL
19 55 26.4612| 21.5787334|VUL
19 55 32.5653| 19.4955387|VUL
19 20 29.1091| 19.3982983|VUL
19 20 23.1147| 21.3148155|VUL
